Time,RotateMatrix1x1,RotateMatrix1x2,RotateMatrix1x3,RotateMatrix1x4,RotateMatrix2x1,RotateMatrix2x2,RotateMatrix2x3,RotateMatrix2x4,RotateMatrix3x1,RotateMatrix3x2,RotateMatrix3x3,RotateMatrix3x4,RotateMatrix4x1,RotateMatrix4x2,RotateMatrix4x3,RotateMatrix4x4,SensorRoll,SensorPitch,SensorYaw
06/30/2019 09:51:54.273 AM,0,-0.000406277,0.9999999,887.17,1.46E-11,0.9999999,0.000406277,39.65,-1,-1.46E-11,0,1020.016,0,0,0,1,-0.72,0.38,-57.86
06/30/2019 09:51:54.324 AM,0,-0.000406277,0.9999999,887.17,1.46E-11,0.9999999,0.000406277,39.65,-1,-1.46E-11,0,1020.016,0,0,0,1,-0.72,0.38,-57.86
06/30/2019 09:51:54.357 AM,0,-0.000406277,0.9999999,887.17,1.46E-11,0.9999999,0.000406277,39.65,-1,-1.46E-11,0,1020.016,0,0,0,1,-0.72,0.38,-57.86
06/30/2019 09:51:54.390 AM,0,-0.000406277,0.9999999,887.17,1.46E-11,0.9999999,0.000406277,39.65,-1,-1.46E-11,0,1020.016,0,0,0,1,-0.72,0.38,-57.87
06/30/2019 09:51:54.441 AM,0,-0.000406277,0.9999999,887.17,1.46E-11,0.9999999,0.000406277,39.65,-1,-1.46E-11,0,1020.016,0,0,0,1,-0.72,0.38,-57.86
06/30/2019 09:51:54.474 AM,0,-0.000406277,0.9999999,887.17,1.46E-11,0.9999999,0.000406277,39.65,-1,-1.46E-11,0,1020.016,0,0,0,1,-0.72,0.38,-57.87
06/30/2019 09:51:54.524 AM,0,-0.000406277,0.9999999,887.17,1.46E-11,0.9999999,0.000406277,39.65,-1,-1.46E-11,0,1020.016,0,0,0,1,-0.72,0.38,-57.87
06/30/2019 09:51:54.557 AM,0,-0.000406277,0.9999999,887.17,1.46E-11,0.9999999,0.000406277,39.65,-1,-1.46E-11,0,1020.016,0,0,0,1,-0.72,0.37,-57.87
06/30/2019 09:51:54.589 AM,0,-0.000406277,0.9999999,887.17,1.46E-11,0.9999999,0.000406277,39.65,-1,-1.46E-11,0,1020.016,0,0,0,1,-0.72,0.37,-57.87
06/30/2019 09:51:54.643 AM,0,-0.000406277,0.9999999,887.17,1.46E-11,0.9999999,0.000406277,39.65,-1,-1.46E-11,0,1020.016,0,0,0,1,-0.72,0.37,-57.87
06/30/2019 09:51:54.676 AM,0,-0.000406277,0.9999999,887.17,1.46E-11,0.9999999,0.000406277,39.65,-1,-1.46E-11,0,1020.016,0,0,0,1,-0.72,0.36,-57.87
06/30/2019 09:51:54.709 AM,0,-0.000406277,0.9999999,887.17,1.46E-11,0.9999999,0.000406277,39.65,-1,-1.46E-11,0,1020.016,0,0,0,1,-0.72,0.36,-57.88
06/30/2019 09:51:54.759 AM,0,-0.000406277,0.9999999,887.17,1.46E-11,0.9999999,0.000406277,39.65,-1,-1.46E-11,0,1020.016,0,0,0,1,-0.72,0.36,-57.88
06/30/2019 09:51:54.792 AM,0,-0.000406277,0.9999999,887.17,1.46E-11,0.9999999,0.000406277,39.65,-1,-1.46E-11,0,1020.016,0,0,0,1,-0.72,0.36,-57.88
06/30/2019 09:51:54.842 AM,0,-0.000406277,0.9999999,887.17,1.46E-11,0.9999999,0.000406277,39.65,-1,-1.46E-11,0,1020.016,0,0,0,1,-0.72,0.37,-57.89
06/30/2019 09:51:54.875 AM,0,-0.000406277,0.9999999,887.17,1.46E-11,0.9999999,0.000406277,39.65,-1,-1.46E-11,0,1020.016,0,0,0,1,-0.72,0.36,-57.89
06/30/2019 09:51:54.910 AM,0,-0.000406277,0.9999999,887.17,1.46E-11,0.9999999,0.000406277,39.65,-1,-1.46E-11,0,1020.016,0,0,0,1,-0.72,0.36,-57.89
06/30/2019 09:51:54.959 AM,0,-0.000406277,0.9999999,887.17,1.46E-11,0.9999999,0.000406277,39.65,-1,-1.46E-11,0,1020.016,0,0,0,1,-0.71,0.37,-57.9
06/30/2019 09:51:54.992 AM,0,-0.000406277,0.9999999,887.17,1.46E-11,0.9999999,0.000406277,39.65,-1,-1.46E-11,0,1020.016,0,0,0,1,-0.71,0.37,-57.9
06/30/2019 09:51:55.042 AM,0,-0.000406277,0.9999999,887.17,1.46E-11,0.9999999,0.000406277,39.65,-1,-1.46E-11,0,1020.016,0,0,0,1,-0.72,0.37,-57.9
06/30/2019 09:51:55.075 AM,0,-0.000406277,0.9999999,887.17,1.46E-11,0.9999999,0.000406277,39.65,-1,-1.46E-11,0,1020.016,0,0,0,1,-0.72,0.37,-57.9
06/30/2019 09:51:55.108 AM,0,-0.000406277,0.9999999,887.17,1.46E-11,0.9999999,0.000406277,39.65,-1,-1.46E-11,0,1020.016,0,0,0,1,-0.72,0.37,-57.9
06/30/2019 09:51:55.158 AM,0,-0.000406277,0.9999999,887.17,1.46E-11,0.9999999,0.000406277,39.65,-1,-1.46E-11,0,1020.016,0,0,0,1,-0.72,0.37,-57.9
06/30/2019 09:51:55.191 AM,0,-0.000406277,0.9999999,887.17,1.46E-11,0.9999999,0.000406277,39.65,-1,-1.46E-11,0,1020.016,0,0,0,1,-0.72,0.37,-57.9
06/30/2019 09:51:55.241 AM,0,-0.000406277,0.9999999,887.17,1.46E-11,0.9999999,0.000406277,39.65,-1,-1.46E-11,0,1020.016,0,0,0,1,-0.73,0.38,-57.9
06/30/2019 09:51:55.275 AM,0,-0.000406277,0.9999999,887.17,1.46E-11,0.9999999,0.000406277,39.65,-1,-1.46E-11,0,1020.016,0,0,0,1,-0.73,0.38,-57.9
06/30/2019 09:51:55.320 AM,0,-0.2817236,0.9594957,887.17,0,0.9594956,0.2817236,39.65,-1,0,0,1020.016,0,0,0,1,-0.73,0.38,-57.9
06/30/2019 09:51:55.353 AM,5.96E-08,-0.2825434,0.9592545,887.17,1.49E-08,0.9592545,0.2825434,39.65,-1,-1.49E-08,5.96E-08,1020.016,0,0,0,1,-0.73,0.38,-57.91
06/30/2019 09:51:55.404 AM,0,-0.2831961,0.959062,887.17,0,0.959062,0.2831961,39.65,-1,0,0,1020.016,0,0,0,1,-0.73,0.38,-57.91
06/30/2019 09:51:55.437 AM,0,-0.283812,0.9588799,887.17,0,0.9588799,0.283812,39.65,-1,0,0,1020.016,0,0,0,1,-0.73,0.39,-57.91
06/30/2019 09:51:55.470 AM,-1.19E-07,-0.2843791,0.9587119,887.17,-1.49E-08,0.9587119,0.2843791,39.65,-1,1.49E-08,-1.19E-07,1020.016,0,0,0,1,-0.72,0.39,-57.92
06/30/2019 09:51:55.521 AM,0,-0.2849562,0.9585406,887.17,0,0.9585406,0.2849562,39.65,-1,0,0,1020.016,0,0,0,1,-0.72,0.39,-57.92
06/30/2019 09:51:55.554 AM,0,-0.2855393,0.958367,887.17,0,0.958367,0.2855393,39.65,-1,0,0,1020.016,0,0,0,1,-0.73,0.39,-57.92
06/30/2019 09:51:55.588 AM,0,-0.2861267,0.9581919,887.17,1.49E-08,0.9581918,0.2861267,39.65,-1,-1.49E-08,0,1020.016,0,0,0,1,-0.72,0.39,-57.92
06/30/2019 09:51:55.637 AM,0,-0.2866547,0.958034,887.17,0,0.958034,0.2866547,39.65,-1,0,0,1020.016,0,0,0,1,-0.72,0.39,-57.92
06/30/2019 09:51:55.670 AM,-1.19E-07,-0.2872233,0.9578638,887.17,0,0.9578636,0.2872233,39.65,-1,0,-1.19E-07,1020.016,0,0,0,1,-0.72,0.39,-57.92
06/30/2019 09:51:55.721 AM,5.96E-08,-0.287742,0.957708,887.17,1.49E-08,0.957708,0.287742,39.65,-1,-1.49E-08,5.96E-08,1020.016,0,0,0,1,-0.72,0.39,-57.92
06/30/2019 09:51:55.753 AM,-1.19E-07,-0.2882761,0.9575474,887.17,0,0.9575474,0.2882761,39.65,-1,0,-1.19E-07,1020.016,0,0,0,1,-0.72,0.39,-57.93
06/30/2019 09:51:55.788 AM,0,-0.2887931,0.9573916,887.17,0,0.9573916,0.2887931,39.65,-1,0,0,1020.016,0,0,0,1,-0.72,0.39,-57.93
06/30/2019 09:51:55.839 AM,-1.19E-07,-0.2892971,0.9572394,887.17,0,0.9572393,0.2892971,39.65,-1,0,-1.19E-07,1020.016,0,0,0,1,-0.72,0.39,-57.94
06/30/2019 09:51:55.872 AM,0,-0.2897953,0.9570886,887.17,0,0.9570886,0.2897953,39.65,-1,0,0,1020.016,0,0,0,1,-0.72,0.39,-57.93
06/30/2019 09:51:55.924 AM,0,-0.2902849,0.9569404,887.17,0,0.9569403,0.2902849,39.65,-1,0,0,1020.016,0,0,0,1,-0.72,0.38,-57.93
06/30/2019 09:51:55.957 AM,0,-0.2907639,0.9567949,887.17,0,0.9567949,0.2907639,39.65,-1,0,0,1020.016,0,0,0,1,-0.72,0.38,-57.93
06/30/2019 09:51:55.990 AM,5.96E-08,-0.2912412,0.9566497,887.17,1.49E-08,0.9566497,0.2912412,39.65,-1,-1.49E-08,5.96E-08,1020.016,0,0,0,1,-0.72,0.38,-57.94
06/30/2019 09:51:56.044 AM,0,-0.2916943,0.9565118,887.17,0,0.9565116,0.2916943,39.65,-1,0,0,1020.016,0,0,0,1,-0.72,0.37,-57.94
06/30/2019 09:51:56.077 AM,1.19E-07,-0.2921423,0.9563749,887.17,1.49E-08,0.9563749,0.2921423,39.65,-1,-1.49E-08,1.19E-07,1020.016,0,0,0,1,-0.72,0.37,-57.94
06/30/2019 09:51:56.109 AM,-1.19E-07,-0.2925862,0.9562392,887.17,0,0.9562392,0.2925862,39.65,-1,0,-1.19E-07,1020.016,0,0,0,1,-0.72,0.37,-57.94
06/30/2019 09:51:56.159 AM,-1.19E-07,-0.2930154,0.9561077,887.17,-1.49E-08,0.9561077,0.2930154,39.65,-1,1.49E-08,-1.19E-07,1020.016,0,0,0,1,-0.72,0.37,-57.94
06/30/2019 09:51:56.193 AM,0,-0.2934398,0.9559776,887.17,0,0.9559776,0.2934398,39.65,-1,0,0,1020.016,0,0,0,1,-0.71,0.37,-57.95
06/30/2019 09:51:56.243 AM,0,-0.2938524,0.9558508,887.17,0,0.9558508,0.2938524,39.65,-1,0,0,1020.016,0,0,0,1,-0.72,0.37,-57.95
06/30/2019 09:51:56.278 AM,-1.19E-07,-0.2942497,0.9557287,887.17,0,0.9557286,0.2942497,39.65,-1,0,-1.19E-07,1020.016,0,0,0,1,-0.71,0.37,-57.95
06/30/2019 09:51:56.313 AM,0,-0.2948657,0.9555387,887.1928,0,0.9555387,0.2948657,39.6567,-1,0,0,1020.016,0,0,0,1,-0.72,0.37,-57.95
06/30/2019 09:51:56.364 AM,-1.19E-07,-0.2957452,0.9552668,887.2477,-1.49E-08,0.9552669,0.2957452,39.6729,-1,1.49E-08,-1.19E-07,1020.016,0,0,0,1,-0.72,0.38,-57.95
06/30/2019 09:51:56.396 AM,-1.19E-07,-0.2966054,0.9550002,887.3025,-1.49E-08,0.9550001,0.2966054,39.68913,-1,1.49E-08,-1.19E-07,1020.016,0,0,0,1,-0.72,0.38,-57.95
06/30/2019 09:51:56.430 AM,0,-0.2974362,0.9547417,887.3571,0,0.9547417,0.2974362,39.70537,-1,0,0,1020.016,0,0,0,1,-0.72,0.38,-57.95
06/30/2019 09:51:56.478 AM,-1.19E-07,-0.2982448,0.9544894,887.4115,-1.49E-08,0.9544894,0.2982448,39.72164,-1,1.49E-08,-1.19E-07,1020.016,0,0,0,1,-0.72,0.38,-57.95
06/30/2019 09:51:56.512 AM,0,-0.2990108,0.9542497,887.4658,0,0.9542497,0.2990108,39.73793,-1,0,0,1020.016,0,0,0,1,-0.72,0.38,-57.95
06/30/2019 09:51:56.562 AM,-1.19E-07,-0.2997438,0.9540198,887.5198,0,0.9540197,0.2997438,39.75424,-1,0,-1.19E-07,1020.016,0,0,0,1,-0.72,0.38,-57.95
06/30/2019 09:51:56.595 AM,-1.19E-07,-0.300446,0.953799,887.5737,0,0.9537988,0.300446,39.77057,-1,0,-1.19E-07,1020.016,0,0,0,1,-0.72,0.39,-57.95
06/30/2019 09:51:56.628 AM,-1.19E-07,-0.3011376,0.9535808,887.6276,0,0.9535807,0.3011376,39.78691,-1,0,-1.19E-07,1020.016,0,0,0,1,-0.72,0.39,-57.95
06/30/2019 09:51:56.678 AM,-1.19E-07,-0.3017725,0.9533801,887.6812,0,0.95338,0.3017725,39.80328,-1,0,-1.19E-07,1020.016,0,0,0,1,-0.72,0.39,-57.95
06/30/2019 09:51:56.711 AM,-1.19E-07,-0.3023989,0.9531816,887.7347,0,0.9531815,0.3023989,39.81966,-1,0,-1.19E-07,1020.016,0,0,0,1,-0.72,0.39,-57.95
06/30/2019 09:51:56.749 AM,0,-0.3029806,0.9529967,887.788,0,0.9529967,0.3029806,39.83607,-1,0,0,1020.016,0,0,0,1,-0.72,0.39,-57.95
06/30/2019 09:51:56.802 AM,0,-0.3035253,0.9528235,887.8412,1.49E-08,0.9528234,0.3035253,39.85249,-1,-1.49E-08,0,1020.016,0,0,0,1,-0.72,0.39,-57.96
06/30/2019 09:51:56.834 AM,0,-0.3040505,0.952656,887.8943,1.49E-08,0.9526559,0.3040505,39.86892,-1,-1.49E-08,0,1020.016,0,0,0,1,-0.72,0.39,-57.96
06/30/2019 09:51:56.867 AM,0,-0.3045407,0.9524993,887.9473,0,0.9524993,0.3045407,39.88537,-1,0,0,1020.016,0,0,0,1,-0.72,0.39,-57.96
06/30/2019 09:51:56.918 AM,0,-0.3049958,0.9523537,888.0002,0,0.9523537,0.3049958,39.90184,-1,0,0,1020.016,0,0,0,1,-0.72,0.39,-57.96
06/30/2019 09:51:56.951 AM,-2.38E-07,-0.305418,0.9522185,888.0529,-1.49E-08,0.9522184,0.305418,39.91832,-1,1.49E-08,-2.38E-07,1020.016,0,0,0,1,-0.72,0.39,-57.96
06/30/2019 09:51:57.001 AM,0,-0.3058019,0.9520952,888.1055,0,0.9520952,0.3058019,39.93482,-1,0,0,1020.016,0,0,0,1,-0.73,0.39,-57.96
06/30/2019 09:51:57.034 AM,0,-0.3061657,0.9519783,888.1581,1.49E-08,0.9519782,0.3061657,39.95133,-1,-1.49E-08,0,1020.016,0,0,0,1,-0.72,0.39,-57.96
06/30/2019 09:51:57.084 AM,-1.19E-07,-0.3064936,0.9518728,888.2105,-1.49E-08,0.9518727,0.3064936,39.96785,-1,1.49E-08,-1.19E-07,1020.016,0,0,0,1,-0.72,0.38,-57.96
06/30/2019 09:51:57.117 AM,0,-0.3067749,0.9517821,888.2628,0,0.9517821,0.3067749,39.98438,-1,0,0,1020.016,0,0,0,1,-0.72,0.38,-57.96
06/30/2019 09:51:57.150 AM,-1.19E-07,-0.3070305,0.9516998,888.3151,0,0.9516997,0.3070305,40.00093,-1,0,-1.19E-07,1020.016,0,0,0,1,-0.72,0.38,-57.96
06/30/2019 09:51:57.200 AM,-1.19E-07,-0.3072525,0.9516281,888.3672,0,0.951628,0.3072525,40.01749,-1,0,-1.19E-07,1020.016,0,0,0,1,-0.72,0.39,-57.97
06/30/2019 09:51:57.232 AM,-1.19E-07,-0.3074354,0.951569,888.4193,-1.49E-08,0.951569,0.3074354,40.03406,-1,1.49E-08,-1.19E-07,1020.016,0,0,0,1,-0.72,0.38,-57.97
06/30/2019 09:51:57.282 AM,-1.19E-07,-0.3076001,0.9515157,888.4713,-1.49E-08,0.9515157,0.3076001,40.05064,-1,1.49E-08,-1.19E-07,1020.016,0,0,0,1,-0.72,0.39,-57.97
06/30/2019 09:51:57.315 AM,0,-0.3077151,0.9514787,888.5231,1.49E-08,0.9514785,0.3077151,40.06722,-1,-1.49E-08,0,1020.016,0,0,0,1,-0.73,0.39,-57.97
06/30/2019 09:51:57.349 AM,-1.19E-07,-0.3078043,0.9514498,888.575,0,0.9514497,0.3078043,40.08382,-1,0,-1.19E-07,1020.016,0,0,0,1,-0.73,0.39,-57.97
06/30/2019 09:51:57.400 AM,0,-0.3078592,0.9514319,888.6268,0,0.9514319,0.3078592,40.10043,-1,0,0,1020.016,0,0,0,1,-0.72,0.39,-57.97
06/30/2019 09:51:57.433 AM,0,-0.3078775,0.951426,888.6785,0,0.951426,0.3078775,40.11704,-1,0,0,1020.016,0,0,0,1,-0.73,0.38,-57.97
06/30/2019 09:51:57.471 AM,-1.19E-07,-0.3078618,0.9514313,888.7301,0,0.9514311,0.3078618,40.13366,-1,0,-1.19E-07,1020.016,0,0,0,1,-0.72,0.39,-57.97
06/30/2019 09:51:57.522 AM,0,-0.30782,0.9514446,888.7817,0,0.9514446,0.30782,40.15029,-1,0,0,1020.016,0,0,0,1,-0.72,0.38,-57.98
06/30/2019 09:51:57.554 AM,-1.19E-07,-0.3077309,0.9514735,888.8333,-1.49E-08,0.9514734,0.3077309,40.16692,-1,1.49E-08,-1.19E-07,1020.016,0,0,0,1,-0.72,0.38,-57.98
06/30/2019 09:51:57.588 AM,1.19E-07,-0.3076184,0.9515098,888.8848,1.49E-08,0.9515098,0.3076184,40.18356,-1,-1.49E-08,1.19E-07,1020.016,0,0,0,1,-0.72,0.38,-57.97
06/30/2019 09:51:57.639 AM,-1.19E-07,-0.3074694,0.9515581,888.9363,0,0.951558,0.3074694,40.2002,-1,0,-1.19E-07,1020.016,0,0,0,1,-0.72,0.38,-57.98
06/30/2019 09:51:57.672 AM,-1.19E-07,-0.3072864,0.9516171,888.9877,-1.49E-08,0.9516171,0.3072864,40.21685,-0.9999999,1.49E-08,-1.19E-07,1020.016,0,0,0,1,-0.72,0.38,-57.98
06/30/2019 09:51:57.722 AM,0,-0.3070645,0.9516887,889.0391,0,0.9516887,0.3070645,40.23351,-1,0,0,1020.016,0,0,0,1,-0.72,0.38,-57.98
06/30/2019 09:51:57.755 AM,-1.19E-07,-0.3068088,0.9517712,889.0905,-1.49E-08,0.9517711,0.3068088,40.25016,-1,1.49E-08,-1.19E-07,1020.016,0,0,0,1,-0.72,0.38,-57.99
06/30/2019 09:51:57.790 AM,5.96E-08,-0.3065326,0.9518602,889.1419,1.49E-08,0.9518602,0.3065326,40.26682,-1,-1.49E-08,5.96E-08,1020.016,0,0,0,1,-0.72,0.38,-57.99
06/30/2019 09:51:57.841 AM,0,-0.3062021,0.9519666,889.1932,1.49E-08,0.9519665,0.3062021,40.28348,-1,-1.49E-08,0,1020.016,0,0,0,1,-0.72,0.38,-57.99
06/30/2019 09:51:57.873 AM,0,-0.3058539,0.9520785,889.2446,0,0.9520785,0.3058539,40.30014,-1,0,0,1020.016,0,0,0,1,-0.72,0.38,-57.99
06/30/2019 09:51:57.924 AM,0,-0.3054698,0.9522018,889.2959,0,0.9522018,0.3054698,40.3168,-1,0,0,1020.016,0,0,0,1,-0.72,0.38,-57.99
06/30/2019 09:51:57.956 AM,0,-0.3050501,0.9523363,889.3472,0,0.9523363,0.3050501,40.33346,-1,0,0,1020.016,0,0,0,1,-0.72,0.38,-57.99
06/30/2019 09:51:57.991 AM,0,-0.304595,0.952482,889.3986,0,0.952482,0.304595,40.35012,-1,0,0,1020.016,0,0,0,1,-0.72,0.38,-57.99
06/30/2019 09:51:58.041 AM,0,-0.3041176,0.9526346,889.4499,1.49E-08,0.9526345,0.3041176,40.36679,-1,-1.49E-08,0,1020.016,0,0,0,1,-0.72,0.39,-57.99
06/30/2019 09:51:58.074 AM,-1.19E-07,-0.3035973,0.9528006,889.5012,0,0.9528005,0.3035973,40.38345,-1,0,-1.19E-07,1020.016,0,0,0,1,-0.72,0.38,-57.99
06/30/2019 09:51:58.124 AM,0,-0.3030499,0.9529748,889.5526,1.49E-08,0.9529747,0.3030499,40.4001,-1,-1.49E-08,0,1020.016,0,0,0,1,-0.72,0.38,-57.99
06/30/2019 09:51:58.156 AM,0,-0.3024731,0.953158,889.604,1.49E-08,0.9531579,0.3024731,40.41676,-1,-1.49E-08,0,1020.016,0,0,0,1,-0.72,0.39,-57.99
06/30/2019 09:51:58.194 AM,0,-0.3018594,0.9533526,889.6554,1.49E-08,0.9533525,0.3018594,40.43341,-1,-1.49E-08,0,1020.016,0,0,0,1,-0.72,0.39,-57.99
06/30/2019 09:51:58.228 AM,-1.19E-07,-0.3012268,0.9535525,889.7068,-1.49E-08,0.9535525,0.3012268,40.45006,-1,1.49E-08,-1.19E-07,1020.016,0,0,0,1,-0.72,0.38,-57.99
06/30/2019 09:51:58.278 AM,-1.19E-07,-0.3005451,0.9537677,889.7583,-1.49E-08,0.9537676,0.3005451,40.46671,-1,1.49E-08,-1.19E-07,1020.016,0,0,0,1,-0.72,0.39,-58
06/30/2019 09:51:58.313 AM,0,-0.2998324,0.9539919,889.8098,-1.49E-08,0.9539919,0.2998324,40.48335,-1,1.49E-08,0,1020.016,0,0,0,1,-0.72,0.39,-58
06/30/2019 09:51:58.363 AM,0,-0.2991016,0.9542213,889.8614,0,0.9542212,0.2991016,40.49998,-1,0,0,1020.016,0,0,0,1,-0.72,0.38,-57.99
06/30/2019 09:51:58.397 AM,0,-0.2983379,0.9544604,889.913,0,0.9544603,0.2983379,40.51661,-1,0,0,1020.016,0,0,0,1,-0.72,0.39,-58
06/30/2019 09:51:58.430 AM,-1.19E-07,-0.2975416,0.9547088,889.9646,-1.49E-08,0.9547089,0.2975416,40.53323,-1,1.49E-08,-1.19E-07,1020.016,0,0,0,1,-0.72,0.39,-57.99
06/30/2019 09:51:58.481 AM,0,-0.2967104,0.9549675,890.0163,-1.49E-08,0.9549675,0.2967104,40.54984,-1,1.49E-08,0,1020.016,0,0,0,1,-0.72,0.39,-57.99
06/30/2019 09:51:58.513 AM,-1.19E-07,-0.2958497,0.9552345,890.0681,-1.49E-08,0.9552345,0.2958497,40.56645,-1,1.49E-08,-1.19E-07,1020.016,0,0,0,1,-0.72,0.39,-57.99
06/30/2019 09:51:58.562 AM,-1.19E-07,-0.2949724,0.9555058,890.1199,-1.49E-08,0.9555058,0.2949724,40.58305,-1,1.49E-08,-1.19E-07,1020.016,0,0,0,1,-0.72,0.39,-57.99
06/30/2019 09:51:58.596 AM,-1.19E-07,-0.2940613,0.9557867,890.1718,0,0.9557866,0.2940613,40.59964,-1,0,-1.19E-07,1020.016,0,0,0,1,-0.72,0.39,-57.99
06/30/2019 09:51:58.629 AM,0,-0.2931094,0.9560789,890.2238,0,0.9560789,0.2931094,40.61621,-1,0,0,1020.016,0,0,0,1,-0.72,0.39,-57.99
06/30/2019 09:51:58.679 AM,0,-0.2921394,0.9563757,890.2758,0,0.9563757,0.2921394,40.63279,-1,0,0,1020.016,0,0,0,1,-0.72,0.39,-57.99
06/30/2019 09:51:58.712 AM,-1.19E-07,-0.2911417,0.95668,890.3279,-1.49E-08,0.9566799,0.2911417,40.64935,-1,1.49E-08,-1.19E-07,1020.016,0,0,0,1,-0.72,0.39,-57.99
06/30/2019 09:51:58.762 AM,0,-0.2901239,0.956989,890.3802,0,0.9569891,0.2901239,40.66589,-1,0,0,1020.016,0,0,0,1,-0.72,0.39,-57.99
06/30/2019 09:51:58.798 AM,-4.52E-05,-0.2890672,0.9573089,890.4325,1.49E-08,0.9573088,0.2890672,40.68243,-1,1.30E-05,-4.33E-05,1020.016,0,0,0,1,-0.72,0.38,-58
06/30/2019 09:51:58.832 AM,-4.51E-05,-0.2879936,0.9576323,890.4849,-1.49E-08,0.9576324,0.2879936,40.69895,-1,1.30E-05,-4.32E-05,1020.016,0,0,0,1,-0.72,0.39,-58
06/30/2019 09:51:58.882 AM,-4.49E-05,-0.2868938,0.9579624,890.5374,-1.49E-08,0.9579624,0.2868938,40.71546,-1,1.29E-05,-4.32E-05,1020.016,0,0,0,1,-0.72,0.38,-58
06/30/2019 09:51:58.918 AM,-4.49E-05,-0.2857518,0.9583037,890.59,-2.98E-08,0.9583037,0.2857518,40.73196,-1,1.28E-05,-4.32E-05,1020.016,0,0,0,1,-0.72,0.38,-58
06/30/2019 09:51:58.952 AM,-4.47E-05,-0.2846081,0.958644,890.6428,-1.49E-08,0.9586439,0.2846081,40.74844,-1,1.27E-05,-4.28E-05,1020.016,0,0,0,1,-0.72,0.38,-58
06/30/2019 09:51:59.001 AM,-4.47E-05,-0.2834256,0.9589944,890.6956,-1.49E-08,0.9589943,0.2834256,40.76491,-1,1.26E-05,-4.28E-05,1020.016,0,0,0,1,-0.72,0.38,-58
06/30/2019 09:51:59.035 AM,-4.45E-05,-0.2822139,0.9593517,890.7485,0,0.9593515,0.2822139,40.78137,-1,1.25E-05,-4.27E-05,1020.016,0,0,0,1,-0.72,0.38,-58
06/30/2019 09:51:59.068 AM,-4.43E-05,-0.2809899,0.9597108,890.8016,0,0.9597107,0.2809899,40.79781,-1,1.24E-05,-4.26E-05,1020.016,0,0,0,1,-0.73,0.38,-58
06/30/2019 09:51:59.118 AM,-4.43E-05,-0.2797449,0.9600744,890.8549,-1.49E-08,0.9600744,0.2797449,40.81422,-1,1.23E-05,-4.26E-05,1020.016,0,0,0,1,-0.73,0.38,-58
06/30/2019 09:51:59.151 AM,-4.40E-05,-0.2784697,0.9604452,890.9082,0,0.960445,0.2784697,40.83063,-1,1.22E-05,-4.23E-05,1020.016,0,0,0,1,-0.73,0.39,-58.01
06/30/2019 09:51:59.201 AM,-4.39E-05,-0.2771721,0.9608204,890.9617,0,0.9608203,0.2771721,40.84702,-1,1.21E-05,-4.21E-05,1020.016,0,0,0,1,-0.73,0.39,-58.01
06/30/2019 09:51:59.234 AM,-4.37E-05,-0.2758524,0.9612001,891.0153,-1.49E-08,0.9612,0.2758524,40.86338,-1,1.21E-05,-4.21E-05,1020.016,0,0,0,1,-0.73,0.39,-58.01
06/30/2019 09:51:59.284 AM,-4.35E-05,-0.2745066,0.9615852,891.069,-1.49E-08,0.9615852,0.2745066,40.87973,-1,1.19E-05,-4.18E-05,1020.016,0,0,0,1,-0.73,0.39,-58.02
06/30/2019 09:51:59.317 AM,-4.34E-05,-0.2731507,0.9619713,891.123,0,0.9619712,0.2731507,40.89606,-1,1.18E-05,-4.17E-05,1020.016,0,0,0,1,-0.73,0.39,-58.02
06/30/2019 09:51:59.350 AM,-4.32E-05,-0.271772,0.9623617,891.1771,-1.49E-08,0.9623617,0.271772,40.91238,-1,1.17E-05,-4.15E-05,1020.016,0,0,0,1,-0.73,0.39,-58.02
06/30/2019 09:51:59.401 AM,-4.29E-05,-0.2703574,0.96276,891.2313,1.49E-08,0.96276,0.2703574,40.92867,-1,1.16E-05,-4.12E-05,1020.016,0,0,0,1,-0.73,0.39,-58.02
06/30/2019 09:51:59.434 AM,-4.30E-05,-0.2689343,0.9631587,891.2856,-1.49E-08,0.9631585,0.2689343,40.94494,-1,1.15E-05,-4.15E-05,1020.016,0,0,0,1,-0.73,0.39,-58.02
06/30/2019 09:51:59.468 AM,-4.27E-05,-0.2674921,0.9635601,891.3402,0,0.96356,0.2674921,40.96119,-1,1.14E-05,-4.11E-05,1020.016,0,0,0,1,-0.73,0.39,-58.02
06/30/2019 09:51:59.517 AM,-4.24E-05,-0.266042,0.9639615,891.395,-1.49E-08,0.9639614,0.266042,40.97741,-1,1.13E-05,-4.09E-05,1020.016,0,0,0,1,-0.73,0.39,-58.03
06/30/2019 09:51:59.551 AM,-4.22E-05,-0.2645561,0.9643703,891.4499,1.49E-08,0.9643703,0.2645561,40.99361,-1,1.12E-05,-4.07E-05,1020.016,0,0,0,1,-0.73,0.39,-58.03
06/30/2019 09:51:59.601 AM,-4.22E-05,-0.2630654,0.9647779,891.5049,0,0.964778,0.2630654,41.00979,-1,1.11E-05,-4.08E-05,1020.016,0,0,0,1,-0.73,0.39,-58.03
06/30/2019 09:51:59.638 AM,-4.20E-05,-0.2615529,0.9651892,891.5602,1.49E-08,0.9651892,0.2615529,41.02595,-1,1.10E-05,-4.05E-05,1020.016,0,0,0,1,-0.73,0.39,-58.03
06/30/2019 09:51:59.672 AM,-4.16E-05,-0.2600239,0.9656023,891.6157,1.49E-08,0.9656022,0.2600239,41.04208,-1,1.08E-05,-4.02E-05,1020.016,0,0,0,1,-0.74,0.39,-58.04
06/30/2019 09:51:59.722 AM,-4.16E-05,-0.2584741,0.9660182,891.6714,0,0.9660182,0.2584741,41.05819,-1,1.08E-05,-4.02E-05,1020.016,0,0,0,1,-0.74,0.39,-58.03
06/30/2019 09:51:59.755 AM,-4.15E-05,-0.2569112,0.9664352,891.7272,1.49E-08,0.966435,0.2569112,41.07427,-1,1.06E-05,-4.01E-05,1020.016,0,0,0,1,-0.74,0.39,-58.03
06/30/2019 09:51:59.791 AM,0,-0.2553385,0.9668519,891.7833,1.49E-08,0.9668517,0.2553385,41.09032,-1,-1.49E-08,0,1020.016,0,0,0,1,-0.74,0.38,-58.04
06/30/2019 09:51:59.841 AM,0,-0.2537413,0.9672723,891.8396,1.49E-08,0.9672721,0.2537413,41.10635,-1,-1.49E-08,0,1020.016,0,0,0,1,-0.74,0.38,-58.04
06/30/2019 09:51:59.875 AM,0,-0.2521256,0.9676945,891.8961,0,0.9676945,0.2521256,41.12235,-1,0,0,1020.016,0,0,0,1,-0.74,0.38,-58.03
06/30/2019 09:51:59.908 AM,0,-0.2505179,0.968112,891.9528,0,0.9681119,0.2505179,41.13832,-1,0,0,1020.016,0,0,0,1,-0.74,0.39,-58.04
06/30/2019 09:51:59.958 AM,-1.19E-07,-0.248883,0.9685336,892.0097,0,0.9685336,0.248883,41.15427,-1,0,-1.19E-07,1020.016,0,0,0,1,-0.74,0.38,-58.04
06/30/2019 09:51:59.991 AM,0,-0.2472332,0.968956,892.0669,0,0.968956,0.2472332,41.17019,-1,0,0,1020.016,0,0,0,1,-0.74,0.38,-58.04
06/30/2019 09:52:00.041 AM,0,-0.2455807,0.9693762,892.1243,0,0.9693761,0.2455807,41.18607,-1,0,0,1020.016,0,0,0,1,-0.74,0.39,-58.05
06/30/2019 09:52:00.074 AM,-1.19E-07,-0.2439051,0.9697993,892.1819,0,0.9697991,0.2439051,41.20192,-1,0,-1.19E-07,1020.016,0,0,0,1,-0.74,0.39,-58.05
06/30/2019 09:52:00.108 AM,0,-0.2422253,0.9702201,892.2397,0,0.97022,0.2422253,41.21775,-1,0,0,1020.016,0,0,0,1,-0.74,0.38,-58.05
06/30/2019 09:52:00.158 AM,-1.19E-07,-0.2405237,0.9706435,892.2979,7.45E-09,0.9706433,0.2405237,41.23354,-1,-7.45E-09,-1.19E-07,1020.016,0,0,0,1,-0.74,0.39,-58.06
06/30/2019 09:52:00.191 AM,-1.19E-07,-0.238821,0.9710637,892.3562,0,0.9710636,0.238821,41.24931,-1,0,-1.19E-07,1020.016,0,0,0,1,-0.74,0.39,-58.06
06/30/2019 09:52:00.240 AM,7.81E-05,-0.2370999,0.9714853,892.4149,-7.45E-09,0.9714853,0.2370999,41.26503,-1,-1.85E-05,7.59E-05,1020.016,0,0,0,1,-0.74,0.38,-58.06
06/30/2019 09:52:00.274 AM,0.000311136,-0.2354014,0.9718983,892.4737,7.45E-09,0.9718983,0.2354014,41.28073,-1,-7.33E-05,0.000302374,1020.016,0,0,0,1,-0.74,0.38,-58.06
06/30/2019 09:52:00.308 AM,0.000773907,-0.2337321,0.9723008,892.5328,1.49E-08,0.972301,0.2337321,41.29639,-0.9999998,-0.000180908,0.000752449,1020.016,0,0,0,1,-0.74,0.39,-58.06
06/30/2019 09:52:00.363 AM,0.001424253,-0.2320856,0.9726944,892.5922,7.45E-09,0.9726954,0.2320858,41.31202,-0.999999,-0.00033056,0.001385391,1020.016,0,0,0,1,-0.74,0.39,-58.07
06/30/2019 09:52:00.396 AM,0.002297223,-0.230462,0.9730786,892.6519,-7.45E-09,0.9730812,0.2304626,41.32761,-0.9999974,-0.000529438,0.002235413,1020.016,0,0,0,1,-0.73,0.38,-58.07
06/30/2019 09:52:00.429 AM,0.00338918,-0.2288613,0.9734531,892.7119,7.45E-09,0.9734587,0.2288626,41.34317,-0.9999942,-0.000775643,0.003299236,1020.016,0,0,0,1,-0.73,0.39,-58.07
06/30/2019 09:52:00.479 AM,0.004620135,-0.2272918,0.9738157,892.7721,-1.49E-08,0.9738262,0.2272942,41.35869,-0.9999893,-0.001050144,0.004499197,1020.016,0,0,0,1,-0.73,0.39,-58.07
06/30/2019 09:52:00.513 AM,0.006062865,-0.2257406,0.9741687,892.8326,0,0.9741865,0.2257447,41.37418,-0.9999816,-0.001368679,0.005906403,1020.016,0,0,0,1,-0.73,0.39,-58.07
06/30/2019 09:52:00.563 AM,0.007676899,-0.22423,0.974506,892.8934,-7.45E-09,0.9745347,0.2242366,41.38962,-0.9999706,-0.001721442,0.007481396,1020.016,0,0,0,1,-0.73,0.39,-58.07
06/30/2019 09:52:00.595 AM,0.009458065,-0.2227452,0.9748309,892.9545,7.45E-09,0.9748744,0.2227552,41.40503,-0.9999554,-0.002106845,0.009220421,1020.016,0,0,0,1,-0.73,0.4,-58.07
06/30/2019 09:52:00.629 AM,0.01136631,-0.221278,0.9751446,893.0159,-7.45E-09,0.9752076,0.2212923,41.42041,-0.9999355,-0.002515286,0.0110845,1020.016,0,0,0,1,-0.73,0.39,-58.08
06/30/2019 09:52:00.679 AM,0.0134362,-0.2198478,0.9754417,893.0776,-7.45E-09,0.9755297,0.2198676,41.43574,-0.9999098,-0.002954192,0.01310736,1020.016,0,0,0,1,-0.74,0.39,-58.08
06/30/2019 09:52:00.713 AM,0.01562828,-0.2184519,0.9757226,893.1396,7.45E-09,0.9758418,0.2184786,41.45103,-0.9998779,-0.003414437,0.01525074,1020.016,0,0,0,1,-0.74,0.39,-58.08
06/30/2019 09:52:00.763 AM,0.01797634,-0.2170853,0.9759871,893.2019,-1.49E-08,0.9761449,0.2171204,41.46629,-0.9998384,-0.003903039,0.01754749,1020.016,0,0,0,1,-0.74,0.39,-58.08
06/30/2019 09:52:00.809 AM,0.02040553,-0.2157519,0.976235,893.2645,1.49E-08,0.9764383,0.2157969,41.4815,-0.9997918,-0.004403435,0.01992476,1020.016,0,0,0,1,-0.74,0.39,-58.09
06/30/2019 09:52:00.843 AM,0.02298623,-0.214456,0.9764633,893.3275,1.49E-08,0.9767212,0.2145126,41.49667,-0.9997359,-0.004930846,0.02245116,1020.016,0,0,0,1,-0.74,0.39,-58.08
06/30/2019 09:52:00.877 AM,0.02564365,-0.2131897,0.9766743,893.3908,7.45E-09,0.9769955,0.2132599,41.5118,-0.9996712,-0.005468771,0.02505374,1020.016,0,0,0,1,-0.74,0.39,-58.08
06/30/2019 09:52:00.910 AM,0.02841151,-0.2119482,0.9768679,893.4544,-1.49E-08,0.9772623,0.2120338,41.52689,-0.9995963,-0.006024204,0.02776551,1020.016,0,0,0,1,-0.74,0.39,-58.08
06/30/2019 09:52:00.960 AM,0.03125226,-0.2107374,0.9770431,893.5183,7.45E-09,0.9775205,0.2108404,41.54193,-0.9995117,-0.006589249,0.03054971,1020.016,0,0,0,1,-0.74,0.39,-58.08
06/30/2019 09:52:00.993 AM,0.03420323,-0.2095752,0.9771941,893.5826,-7.45E-09,0.9777662,0.2096979,41.55693,-0.9994149,-0.007172339,0.03344274,1020.016,0,0,0,1,-0.74,0.39,-58.08
06/30/2019 09:52:01.043 AM,0.0371874,-0.2084297,0.9773303,893.6472,7.45E-09,0.9780066,0.208574,41.57189,-0.9993084,-0.007756345,0.0363695,1020.016,0,0,0,1,-0.73,0.39,-58.08
06/30/2019 09:52:01.080 AM,0.0402804,-0.2073378,0.9774398,893.7122,0,0.9782337,0.2075062,41.5868,-0.9991884,-0.008358434,0.03940362,1020.016,0,0,0,1,-0.73,0.39,-58.09
06/30/2019 09:52:01.113 AM,0.04343873,-0.2062607,0.9775325,893.7775,1.49E-08,0.978456,0.2064556,41.60167,-0.9990562,-0.008968174,0.04250288,1020.016,0,0,0,1,-0.73,0.39,-58.09
06/30/2019 09:52:01.163 AM,0.04666871,-0.2052357,0.9775993,893.8433,7.45E-09,0.9786656,0.2054596,41.61649,-0.9989104,-0.00958854,0.04567307,1020.016,0,0,0,1,-0.73,0.39,-58.09
06/30/2019 09:52:01.196 AM,0.04993081,-0.2042362,0.9776474,893.9093,7.45E-09,0.9788684,0.2044913,41.63127,-0.9987527,-0.01021042,0.04887569,1020.016,0,0,0,1,-0.73,0.39,-58.09
06/30/2019 09:52:01.229 AM,0.05316174,-0.203285,0.9776754,893.9758,0,0.9790598,0.2035729,41.646,-0.9985861,-0.01082231,0.05204856,1020.016,0,0,0,1,-0.73,0.39,-58.09
06/30/2019 09:52:01.279 AM,0.05632567,-0.2023311,0.9776961,894.0427,0,0.9792507,0.2026528,41.66076,-0.9984125,-0.01141457,0.05515695,1020.016,0,0,0,1,-0.73,0.39,-58.09
06/30/2019 09:52:01.312 AM,0.05932534,-0.2013874,0.9777135,894.11,7.45E-09,0.9794385,0.2017427,41.67554,-0.9982387,-0.01196846,0.05810547,1020.017,0,0,0,1,-0.73,0.39,-58.09
06/30/2019 09:52:01.363 AM,0.062199,-0.200454,0.9777267,894.1778,-1.49E-08,0.9796235,0.2008429,41.69034,-0.9980638,-0.01249225,0.06093162,1020.018,0,0,0,1,-0.73,0.4,-58.09
06/30/2019 09:52:01.396 AM,0.06491685,-0.1995354,0.977738,894.246,-7.45E-09,0.9798046,0.1999572,41.70516,-0.9978908,-0.01298062,0.06360579,1020.02,0,0,0,1,-0.73,0.4,-58.09
06/30/2019 09:52:01.429 AM,0.0674842,-0.1986341,0.9777476,894.3147,-1.49E-08,0.9799817,0.1990879,41.72001,-0.9977203,-0.0134353,0.06613326,1020.021,0,0,0,1,-0.73,0.4,-58.1
06/30/2019 09:52:01.479 AM,0.06993258,-0.1977383,0.9777572,894.3838,7.45E-09,0.9801568,0.1982236,41.73487,-0.9975517,-0.01386228,0.06854492,1020.023,0,0,0,1,-0.73,0.4,-58.1
06/30/2019 09:52:01.512 AM,0.07219851,-0.1968521,0.9777713,894.4533,0,0.9803296,0.1973672,41.74975,-0.9973903,-0.01424962,0.07077837,1020.026,0,0,0,1,-0.73,0.39,-58.09
06/30/2019 09:52:01.562 AM,0.07435548,-0.1959818,0.9777846,894.5233,7.45E-09,0.9804987,0.1965259,41.76465,-0.9972319,-0.01461278,0.07290542,1020.028,0,0,0,1,-0.73,0.39,-58.1
06/30/2019 09:52:01.595 AM,0.07636815,-0.1951181,0.9778022,894.5936,1.49E-08,0.9806659,0.1956896,41.77956,-0.9970798,-0.01494447,0.07489163,1020.031,0,0,0,1,-0.73,0.39,-58.1
06/30/2019 09:52:01.628 AM,0.07827389,-0.1942679,0.9778207,894.6643,0,0.98083,0.1948657,41.79449,-0.996932,-0.01525291,0.07677341,1020.035,0,0,0,1,-0.73,0.39,-58.1
06/30/2019 09:52:01.678 AM,0.08001298,-0.1934369,0.9778447,894.7355,-7.45E-09,0.9809899,0.194059,41.80943,-0.9967938,-0.01552726,0.07849193,1020.038,0,0,0,1,-0.72,0.38,-58.1
06/30/2019 09:52:01.711 AM,0.08167905,-0.1926082,0.9778705,894.807,7.45E-09,0.9811488,0.1932539,41.82439,-0.9966587,-0.01578481,0.08013928,1020.042,0,0,0,1,-0.72,0.38,-58.1
06/30/2019 09:52:01.760 AM,0.08318049,-0.1917944,0.9779039,894.8789,-7.45E-09,0.9813045,0.1924613,41.83936,-0.9965345,-0.01600904,0.0816254,1020.046,0,0,0,1,-0.72,0.38,-58.1
06/30/2019 09:52:01.799 AM,0.08458042,-0.1909837,0.9779425,894.9512,0,0.9814593,0.1916705,41.85433,-0.9964167,-0.01621158,0.08301228,1020.05,0,0,0,1,-0.72,0.38,-58.1
06/30/2019 09:52:01.833 AM,0.08581996,-0.1901876,0.9779896,895.0238,1.49E-08,0.9816111,0.1908919,41.86932,-0.9963107,-0.01638231,0.08424181,1020.055,0,0,0,1,-0.72,0.39,-58.11
06/30/2019 09:52:01.867 AM,0.08699799,-0.1894048,0.9780375,895.0968,0,0.9817598,0.1901256,41.88431,-0.9962085,-0.01654056,0.08541113,1020.06,0,0,0,1,-0.72,0.39,-58.11
06/30/2019 09:52:01.918 AM,0.08801711,-0.1886322,0.9780956,895.1702,7.45E-09,0.9819064,0.1893671,41.8993,-0.996119,-0.01666754,0.08642453,1020.065,0,0,0,1,-0.72,0.39,-58.11
06/30/2019 09:52:01.951 AM,0.08894366,-0.1878658,0.9781592,895.2439,7.45E-09,0.9820514,0.1886134,41.91431,-0.9960366,-0.01677595,0.08734727,1020.07,0,0,0,1,-0.72,0.39,-58.11
06/30/2019 09:52:02.001 AM,0.08974797,-0.1871121,0.9782302,895.3179,-7.45E-09,0.9821938,0.1878703,41.92931,-0.9959645,-0.01686098,0.08814991,1020.075,0,0,0,1,-0.73,0.39,-58.11
06/30/2019 09:52:02.034 AM,0.09049356,-0.186365,0.9783041,895.3923,0,0.9823346,0.1871328,41.94432,-0.995897,-0.01693431,0.08889496,1020.081,0,0,0,1,-0.73,0.39,-58.11
06/30/2019 09:52:02.085 AM,0.09105194,-0.1856229,0.9783934,895.467,1.49E-08,0.9824745,0.1863972,41.95933,-0.9958462,-0.01697183,0.0894562,1020.087,0,0,0,1,-0.73,0.39,-58.11
06/30/2019 09:52:02.117 AM,0.09152871,-0.184899,0.9784861,895.5421,-7.45E-09,0.9826106,0.1856784,41.97434,-0.9958025,-0.01699492,0.08993703,1020.093,0,0,0,1,-0.73,0.39,-58.11
06/30/2019 09:52:02.150 AM,0.09188563,-0.1841775,0.9785888,895.6174,0,0.9827461,0.18496,41.98935,-0.9957697,-0.01699518,0.0903002,1020.099,0,0,0,1,-0.73,0.39,-58.11
06/30/2019 09:52:02.202 AM,0.09215456,-0.183461,0.978698,895.693,7.45E-09,0.9828804,0.184245,42.00436,-0.9957448,-0.01697902,0.09057695,1020.105,0,0,0,1,-0.73,0.39,-58.11
06/30/2019 09:52:02.235 AM,0.09231114,-0.1827592,0.9788145,895.7689,0,0.9830117,0.1835428,42.01936,-0.9957303,-0.01694306,0.09074295,1020.112,0,0,0,1,-0.73,0.39,-58.11
06/30/2019 09:52:02.268 AM,0.09235364,-0.1820663,0.9789396,895.8452,0,0.9831412,0.1828477,42.03436,-0.9957263,-0.01688666,0.09079671,1020.118,0,0,0,1,-0.73,0.39,-58.11
06/30/2019 09:52:02.320 AM,0.09231353,-0.1813829,0.9790702,895.9217,7.45E-09,0.9832688,0.1821607,42.04935,-0.99573,-0.01681589,0.09076899,1020.125,0,0,0,1,-0.73,0.39,-58.11
06/30/2019 09:52:02.352 AM,0.09212744,-0.1807018,0.9792137,895.9985,-7.45E-09,0.9833958,0.1814736,42.06434,-0.9957473,-0.01671873,0.09059775,1020.132,0,0,0,1,-0.72,0.39,-58.11
06/30/2019 09:52:02.404 AM,0.09186035,-0.1800278,0.9793628,896.0756,0,0.9835213,0.1807922,42.07932,-0.9957719,-0.01660763,0.09034663,1020.139,0,0,0,1,-0.73,0.39,-58.11
06/30/2019 09:52:02.437 AM,0.091479,-0.1793565,0.9795218,896.1528,7.45E-09,0.9836462,0.1801117,42.09428,-0.9958071,-0.01647644,0.08998293,1020.146,0,0,0,1,-0.73,0.39,-58.11
06/30/2019 09:52:02.470 AM,0.09101999,-0.1786988,0.9796847,896.2304,0,0.9837682,0.1794437,42.10924,-0.9958491,-0.01633297,0.08954257,1020.153,0,0,0,1,-0.73,0.39,-58.12
06/30/2019 09:52:02.524 AM,0.09045094,-0.1780465,0.9798563,896.3083,-1.49E-08,0.9838892,0.1787794,42.12418,-0.995901,-0.01617078,0.08899373,1020.16,0,0,0,1,-0.73,0.39,-58.11
06/30/2019 09:52:02.557 AM,0.0897696,-0.177396,0.9800369,896.3864,0,0.9840096,0.1781151,42.13911,-0.9959626,-0.01598933,0.08833414,1020.167,0,0,0,1,-0.73,0.39,-58.11
06/30/2019 09:52:02.591 AM,0.08901155,-0.1767581,0.9802212,896.4647,-7.45E-09,0.9841276,0.1774625,42.15403,-0.9960306,-0.01579622,0.08759874,1020.175,0,0,0,1,-0.73,0.39,-58.12
06/30/2019 09:52:02.641 AM,0.08814174,-0.1761196,0.9804147,896.5432,0,0.9842454,0.1768078,42.16893,-0.996108,-0.01558416,0.08675307,1020.182,0,0,0,1,-0.73,0.39,-58.12
06/30/2019 09:52:02.674 AM,0.08716065,-0.1754821,0.9806167,896.6219,-7.45E-09,0.9843629,0.1761525,42.18382,-0.9961942,-0.01535357,0.08579767,1020.19,0,0,0,1,-0.73,0.39,-58.12
06/30/2019 09:52:02.724 AM,0.0860734,-0.1748571,0.9808244,896.7009,0,0.9844779,0.1755084,42.19868,-0.9962888,-0.01510661,0.08473736,1020.197,0,0,0,1,-0.73,0.38,-58.12
06/30/2019 09:52:02.757 AM,0.08490497,-0.1742298,0.9810378,896.7801,-1.49E-08,0.9845931,0.1748612,42.21353,-0.9963891,-0.0148466,0.08359683,1020.205,0,0,0,1,-0.73,0.38,-58.12
06/30/2019 09:52:02.792 AM,0.08363068,-0.1736142,0.9812564,896.8595,0,0.9847059,0.1742246,42.22835,-0.9964969,-0.01457053,0.08235162,1020.212,0,0,0,1,-0.73,0.38,-58.12
06/30/2019 09:52:02.843 AM,0.08224785,-0.1730016,0.9814814,896.9391,7.45E-09,0.984818,0.1735897,42.24316,-0.9966119,-0.01427738,0.0809992,1020.22,0,0,0,1,-0.72,0.38,-58.13
06/30/2019 09:52:02.875 AM,0.08078367,-0.1723909,0.9817105,897.0189,0,0.9849295,0.1729562,42.25793,-0.9967317,-0.01397205,0.07956624,1020.228,0,0,0,1,-0.73,0.38,-58.13
06/30/2019 09:52:02.909 AM,0.07920837,-0.1717759,0.9819466,897.0988,-7.45E-09,0.9850415,0.1723173,42.27269,-0.9968582,-0.013649,0.07802355,1020.235,0,0,0,1,-0.72,0.38,-58.12
06/30/2019 09:52:02.960 AM,0.07752705,-0.1711711,0.9821864,897.1789,0,0.9851514,0.1716878,42.28742,-0.9969903,-0.01331047,0.07637584,1020.243,0,0,0,1,-0.72,0.38,-58.13
06/30/2019 09:52:02.993 AM,0.07573408,-0.170563,0.9824321,897.2592,-1.49E-08,0.9852616,0.1710542,42.30213,-0.9971281,-0.01295465,0.07461786,1020.25,0,0,0,1,-0.72,0.37,-58.13
06/30/2019 09:52:03.044 AM,0.0738616,-0.1699587,0.9826792,897.3396,-7.45E-09,0.9853708,0.1704242,42.31681,-0.9972686,-0.01258782,0.07278109,1020.258,0,0,0,1,-0.72,0.38,-58.12
06/30/2019 09:52:03.077 AM,0.07188201,-0.1693618,0.9829291,897.4202,1.49E-08,0.9854783,0.1698011,42.33145,-0.9974132,-0.01220563,0.07083815,1020.265,0,0,0,1,-0.72,0.38,-58.13
06/30/2019 09:52:03.110 AM,0.06978977,-0.1687623,0.9831829,897.501,0,0.985586,0.1691748,42.34607,-0.9975617,-0.01180667,0.06878382,1020.273,0,0,0,1,-0.72,0.37,-58.13
06/30/2019 09:52:03.162 AM,0.06761676,-0.168162,0.9834377,897.5818,1.49E-08,0.9856935,0.1685477,42.36066,-0.9977115,-0.01139666,0.06664944,1020.28,0,0,0,1,-0.72,0.38,-58.13
06/30/2019 09:52:03.194 AM,0.06530303,-0.1675673,0.9836956,897.6629,-7.45E-09,0.9857997,0.1679257,42.37521,-0.9978656,-0.01096608,0.0643757,1020.287,0,0,0,1,-0.72,0.38,-58.13
06/30/2019 09:52:03.231 AM,0.06293523,-0.1669639,0.9839525,897.744,7.45E-09,0.9859068,0.1672955,42.38973,-0.9980177,-0.0105288,0.06204826,1020.295,0,0,0,1,-0.72,0.37,-58.13
06/30/2019 09:52:03.281 AM,0.06045556,-0.1663646,0.9842094,897.8253,1.49E-08,0.9860128,0.1666695,42.40421,-0.998171,-0.0100761,0.05960995,1020.302,0,0,0,1,-0.72,0.37,-58.13
06/30/2019 09:52:03.314 AM,0.05783331,-0.1657625,0.9844685,897.9066,-7.45E-09,0.986119,0.1660404,42.41866,-0.9983264,-0.009602681,0.0570305,1020.309,0,0,0,1,-0.72,0.38,-58.13
06/30/2019 09:52:03.348 AM,0.0551573,-0.1651625,0.9847229,897.9881,7.45E-09,0.9862242,0.1654143,42.43307,-0.9984777,-0.009123802,0.05439746,1020.316,0,0,0,1,-0.72,0.38,-58.13
06/30/2019 09:52:03.398 AM,0.05233747,-0.1645606,0.9849774,898.0697,7.45E-09,0.9863293,0.1647864,42.44744,-0.9986294,-0.008624487,0.05162197,1020.323,0,0,0,1,-0.72,0.38,-58.13
06/30/2019 09:52:03.434 AM,0.0494321,-0.163957,0.9852281,898.1514,0,0.9864341,0.1641577,42.46177,-0.9987774,-0.008114651,0.04876155,1020.329,0,0,0,1,-0.72,0.38,-58.13
06/30/2019 09:52:03.484 AM,0.04637998,-0.1633475,0.9854778,898.2331,0,0.9865394,0.1635234,42.47606,-0.9989239,-0.007584214,0.04575568,1020.336,0,0,0,1,-0.72,0.38,-58.13
06/30/2019 09:52:03.516 AM,0.0432719,-0.1627397,0.9857197,898.3149,-7.45E-09,0.9866439,0.1628923,42.49031,-0.9990633,-0.007048666,0.04269391,1020.342,0,0,0,1,-0.72,0.37,-58.13
06/30/2019 09:52:03.550 AM,0.04004526,-0.1621264,0.9859571,898.3969,0,0.9867486,0.1622565,42.50451,-0.9991979,-0.006497599,0.0395146,1020.349,0,0,0,1,-0.72,0.38,-58.13
06/30/2019 09:52:03.601 AM,0.03667045,-0.1615068,0.9861902,898.4788,7.45E-09,0.9868538,0.1616155,42.51867,-0.9993275,-0.00592652,0.03618836,1020.355,0,0,0,1,-0.72,0.38,-58.13
06/30/2019 09:52:03.634 AM,0.03320581,-0.1608869,0.9864141,898.5608,-7.45E-09,0.9869584,0.1609757,42.53278,-0.9994485,-0.00534533,0.03277272,1020.361,0,0,0,1,-0.72,0.38,-58.13
06/30/2019 09:52:03.667 AM,0.02965027,-0.1602626,0.986629,898.6429,0,0.987063,0.1603331,42.54684,-0.9995604,-0.004753925,0.02926672,1020.366,0,0,0,1,-0.72,0.37,-58.13
06/30/2019 09:52:03.718 AM,0.02594286,-0.1596258,0.9868367,898.725,1.49E-08,0.9871689,0.1596795,42.56086,-0.9996635,-0.004142538,0.02561003,1020.372,0,0,0,1,-0.72,0.38,-58.13
06/30/2019 09:52:03.751 AM,0.02214319,-0.1589917,0.9870316,898.8071,7.45E-09,0.9872736,0.1590307,42.57483,-0.9997548,-0.003521435,0.02186143,1020.378,0,0,0,1,-0.72,0.38,-58.13
06/30/2019 09:52:03.803 AM,0.01821893,-0.1583474,0.9872154,898.8893,7.45E-09,0.9873793,0.1583737,42.58875,-0.9998341,-0.002885409,0.01798904,1020.383,0,0,0,1,-0.72,0.38,-58.13
06/30/2019 09:52:03.837 AM,0.0141992,-0.1576903,0.9873865,898.9714,-7.45E-09,0.9874861,0.1577061,42.60261,-0.9998992,-0.002239317,0.01402152,1020.388,0,0,0,1,-0.72,0.38,-58.13
06/30/2019 09:52:03.870 AM,0.01002401,-0.157031,0.9875427,899.0536,-7.45E-09,0.9875924,0.1570389,42.61642,-0.9999497,-0.001574159,0.009899616,1020.392,0,0,0,1,-0.72,0.38,-58.13
06/30/2019 09:52:03.920 AM,0.005781114,-0.156366,0.9876823,899.1359,7.45E-09,0.9876988,0.1563686,42.63018,-0.9999833,-0.000903986,0.005710006,1020.397,0,0,0,1,-0.72,0.38,-58.14
06/30/2019 09:52:03.957 AM,0.001409352,-0.1556885,0.9878053,899.2181,7.45E-09,0.9878062,0.1556886,42.64388,-0.9999991,-0.000219435,0.001392186,1020.401,0,0,0,1,-0.72,0.38,-58.13
06/30/2019 09:52:03.989 AM,-0.003092408,-0.1550024,0.9879094,899.3003,7.45E-09,0.987914,0.1550031,42.65752,-0.9999953,0.000479311,-0.003054976,1020.405,0,0,0,1,-0.72,0.38,-58.14
06/30/2019 09:52:04.039 AM,-0.007755518,-0.1543097,0.9879922,899.3825,-7.45E-09,0.9880218,0.1543144,42.6711,-0.99997,0.001196772,-0.007662654,1020.409,0,0,0,1,-0.72,0.38,-58.15
06/30/2019 09:52:04.072 AM,-0.01249099,-0.1536046,0.9880534,899.4647,7.45E-09,0.9881305,0.1536165,42.68463,-0.999922,0.00191883,-0.01234269,1020.413,0,0,0,1,-0.72,0.38,-58.14
06/30/2019 09:52:04.122 AM,-0.01739037,-0.1528825,0.9880915,899.5468,1.49E-08,0.9882408,0.1529056,42.69809,-0.9998488,0.00265909,-0.01718593,1020.416,0,0,0,1,-0.72,0.38,-58.15
06/30/2019 09:52:04.155 AM,-0.02239585,-0.1521556,0.9881029,899.6289,7.45E-09,0.9883507,0.1521938,42.71149,-0.9997493,0.003408492,-0.02213502,1020.419,0,0,0,1,-0.72,0.38,-58.15
06/30/2019 09:52:04.188 AM,-0.0275079,-0.1514171,0.9880872,899.711,0,0.9884612,0.1514744,42.72483,-0.9996217,0.004166715,-0.02719045,1020.421,0,0,0,1,-0.72,0.38,-58.15
06/30/2019 09:52:04.238 AM,-0.03278768,-0.1506613,0.9880417,899.793,0,0.9885731,0.1507424,42.73811,-0.9994624,0.004942477,-0.03241313,1020.424,0,0,0,1,-0.72,0.38,-58.15
06/30/2019 09:52:04.272 AM,-0.03820717,-0.1498921,0.9879639,899.875,7.45E-09,0.9886857,0.1500016,42.75132,-0.9992699,0.005731128,-0.0377748,1020.426,0,0,0,1,-0.72,0.38,-58.15
06/30/2019 09:52:04.323 AM,-0.04373777,-0.1491092,0.987853,899.9569,-7.45E-09,0.9887992,0.149252,42.76446,-0.999043,0.006527953,-0.04324794,1020.428,0,0,0,1,-0.73,0.38,-58.15
